2.404941894531250000e+03
1.739327392578125000e+02
2.940916061401367188e+01
5.990434265136718750e+01
9.521754455566406250e+01
1.320195465087890625e+02
1.709216613769531250e+02
2.095154418945312500e+02
2.468021850585937500e+02
2.827908020019531250e+02
3.168662109375000000e+02
3.503386535644531250e+02
3.770673522949218750e+02
4.015046386718750000e+02
4.240229492187500000e+02
4.412382812500000000e+02
4.494249267578125000e+02
4.553696594238281250e+02
4.547019653320312500e+02
4.474980468750000000e+02
4.344207458496093750e+02
4.102110595703125000e+02
3.845638732910156250e+02
3.471851806640625000e+02
3.023460998535156250e+02
2.892160034179687500e+02
2.326628570556640625e+02
2.288551025390625000e+02
2.001806945800781250e+02
1.968163909912109375e+02
1.908650207519531250e+02
1.825809478759765625e+02
1.759540405273437500e+02
1.696230621337890625e+02
1.680892181396484375e+02
1.619749145507812500e+02
1.596624603271484375e+02
1.524741058349609375e+02
1.512412414550781250e+02
1.495602722167968750e+02
1.493077697753906250e+02
1.486148681640625000e+02
1.452572326660156250e+02
1.420304718017578125e+02
1.440920715332031250e+02
1.522124481201171875e+02
1.493353729248046875e+02
1.611686553955078125e+02
1.688070373535156250e+02
1.890986938476562500e+02
1.810718383789062500e+02
1.568222808837890625e+02
3.277069396972656250e+02
3.053599853515625000e+02
4.750449523925781250e+02
6.084069824218750000e+02
7.145190429687500000e+02
7.840206298828125000e+02
8.283601074218750000e+02
8.493327636718750000e+02
8.454388427734375000e+02
8.172760009765625000e+02
7.792871704101562500e+02
7.104676513671875000e+02
6.339625244140625000e+02
5.352393188476562500e+02
4.198939819335937500e+02
4.601587219238281250e+02
3.087456665039062500e+02
2.977368164062500000e+02
2.916481933593750000e+02
2.863009033203125000e+02
2.784610595703125000e+02
2.710364990234375000e+02
2.672089233398437500e+02
2.604405212402343750e+02
2.585865173339843750e+02
2.531277008056640625e+02
2.536954803466796875e+02
2.470290527343750000e+02
2.453147277832031250e+02
2.393266906738281250e+02
2.366252136230468750e+02
2.366654815673828125e+02
2.317774353027343750e+02
2.323694458007812500e+02
2.273348236083984375e+02
2.252394409179687500e+02
2.218737182617187500e+02
2.182896118164062500e+02
2.157189941406250000e+02
2.128468627929687500e+02
2.101435241699218750e+02
2.093341369628906250e+02
2.065447845458984375e+02
2.074708557128906250e+02
2.130073852539062500e+02
2.220095367431640625e+02
2.184597778320312500e+02
2.303593597412109375e+02
2.626629028320312500e+02
2.980778198242187500e+02
2.794982299804687500e+02
2.414938964843750000e+02
4.321839904785156250e+02
4.837483520507812500e+02
7.385528564453125000e+02
9.321397094726562500e+02
1.046782958984375000e+03
1.108892578125000000e+03
1.119397705078125000e+03
1.080161865234375000e+03
9.941790161132812500e+02
8.723366088867187500e+02
7.095148315429687500e+02
6.061715087890625000e+02
8.069544677734375000e+02
5.641196289062500000e+02
6.935071411132812500e+02
7.576461181640625000e+02
7.760298461914062500e+02
7.488552856445312500e+02
6.905026855468750000e+02
6.264536132812500000e+02
5.702117919921875000e+02
5.610428466796875000e+02
5.098662109375000000e+02
5.141860961914062500e+02
5.004931640625000000e+02
5.026536865234375000e+02
4.743616638183593750e+02
4.555115966796875000e+02
4.432191162109375000e+02
4.309078369140625000e+02
4.250082397460937500e+02
4.057324523925781250e+02
3.946442260742187500e+02
3.861970825195312500e+02
3.801580200195312500e+02
3.709633789062500000e+02
3.646595764160156250e+02
3.593178100585937500e+02
3.477543945312500000e+02
3.394104003906250000e+02
3.418424682617187500e+02
3.356001586914062500e+02
3.289765625000000000e+02
3.289146118164062500e+02
3.219992980957031250e+02
3.207642211914062500e+02
3.176667175292968750e+02
3.102805175781250000e+02
3.083958740234375000e+02
3.097441101074218750e+02
3.047820739746093750e+02
3.100822143554687500e+02
3.027616271972656250e+02
2.989552612304687500e+02
2.998132934570312500e+02
2.992862854003906250e+02
3.185314331054687500e+02
3.668919677734375000e+02
4.032876586914062500e+02
3.624737548828125000e+02
3.429451599121093750e+02
3.170249023437500000e+02
3.209909667968750000e+02
3.207054443359375000e+02
3.149419250488281250e+02
3.208294982910156250e+02
3.162639465332031250e+02
3.182705078125000000e+02
3.211133422851562500e+02
3.189443359375000000e+02
3.195185546875000000e+02
3.130792846679687500e+02
3.270079345703125000e+02
3.709176940917968750e+02
3.851958923339843750e+02
3.390885620117187500e+02
5.286594238281250000e+02
6.582468261718750000e+02
9.601083984375000000e+02
1.137612792968750000e+03
1.208769775390625000e+03
1.181895507812500000e+03
1.066483642578125000e+03
8.836028442382812500e+02
7.674780883789062500e+02
9.158355712890625000e+02
7.173848876953125000e+02
8.290207519531250000e+02
8.812341918945312500e+02
8.706401977539062500e+02
8.111190185546875000e+02
7.784913330078125000e+02
7.870990600585937500e+02
7.024351806640625000e+02
6.943568725585937500e+02
6.889756469726562500e+02
6.845954589843750000e+02
6.411804199218750000e+02
6.291325683593750000e+02
6.122697753906250000e+02
5.968565673828125000e+02
5.798243408203125000e+02
5.588297119140625000e+02
5.326109008789062500e+02
5.244714355468750000e+02
5.061997070312500000e+02
5.018307800292968750e+02
4.886821899414062500e+02
4.842489624023437500e+02
4.770568237304687500e+02
4.632361450195312500e+02
4.559350585937500000e+02
4.506174926757812500e+02
4.439524536132812500e+02
4.457548217773437500e+02
4.412552185058593750e+02
4.343155517578125000e+02
4.439487609863281250e+02
4.373736877441406250e+02
4.430111083984375000e+02
4.329682922363281250e+02
4.169200439453125000e+02
4.133203125000000000e+02
4.130914306640625000e+02
4.084059448242187500e+02
4.061642456054687500e+02
3.980510864257812500e+02
3.972490234375000000e+02
3.961727294921875000e+02
3.975733032226562500e+02
3.970539245605468750e+02
3.891441650390625000e+02
3.863088378906250000e+02
3.857097778320312500e+02
3.856890563964843750e+02
3.988632202148437500e+02
3.870497436523437500e+02
3.794606933593750000e+02
3.894372558593750000e+02
3.869169921875000000e+02
3.923360595703125000e+02
3.904053039550781250e+02
3.884828491210937500e+02
3.893355102539062500e+02
3.977939758300781250e+02
4.034015197753906250e+02
4.176252441406250000e+02
4.016573486328125000e+02
4.378980712890625000e+02
5.676051025390625000e+02
6.624722900390625000e+02
6.197394409179687500e+02
5.019310913085937500e+02
9.393618164062500000e+02
9.271783447265625000e+02
1.367413330078125000e+03
1.625967041015625000e+03
1.717866943359375000e+03
1.657387207031250000e+03
1.428722900390625000e+03
1.132549194335937500e+03
1.951646972656250000e+03
1.221728027343750000e+03
1.569312133789062500e+03
1.759900512695312500e+03
1.787321289062500000e+03
1.704724487304687500e+03
1.513964965820312500e+03
1.388148437500000000e+03
1.273129882812500000e+03
1.088649047851562500e+03
1.006203002929687500e+03
9.617103881835937500e+02
9.327413940429687500e+02
9.026643066406250000e+02
8.564385986328125000e+02
8.340822753906250000e+02
7.997553710937500000e+02
7.821690063476562500e+02
7.589771118164062500e+02
7.438751220703125000e+02
7.211291503906250000e+02
7.034445800781250000e+02
6.914531250000000000e+02
6.797343139648437500e+02
6.663724365234375000e+02
6.497215576171875000e+02
6.364990844726562500e+02
6.171212768554687500e+02
6.071837768554687500e+02
6.067351074218750000e+02
5.929991455078125000e+02
5.826988525390625000e+02
5.757751464843750000e+02
5.684444580078125000e+02
5.631394653320312500e+02
5.580748291015625000e+02
5.506088867187500000e+02
5.434325561523437500e+02
5.355931396484375000e+02
5.331759033203125000e+02
5.290714111328125000e+02
5.275390625000000000e+02
5.242424316406250000e+02
5.172423706054687500e+02
5.084531250000000000e+02
5.093937988281250000e+02
5.133695068359375000e+02
5.174316406250000000e+02
5.503336181640625000e+02
5.167897338867187500e+02
7.099932861328125000e+02
9.753072509765625000e+02
1.355480712890625000e+03
1.530821655273437500e+03
1.536210937500000000e+03
1.399141113281250000e+03
1.160942871093750000e+03
9.788197021484375000e+02
1.644327148437500000e+03
9.998995971679687500e+02
1.252869018554687500e+03
1.402712280273437500e+03
1.424769775390625000e+03
1.324974609375000000e+03
1.266381835937500000e+03
1.264155151367187500e+03
1.086347656250000000e+03
1.064891235351562500e+03
1.053361694335937500e+03
1.022145751953125000e+03
9.825802612304687500e+02
9.530480957031250000e+02
9.262608032226562500e+02
8.867893676757812500e+02
8.709232177734375000e+02
8.464813232421875000e+02
8.212869873046875000e+02
7.954151000976562500e+02
7.771166381835937500e+02
7.680269775390625000e+02
7.424622192382812500e+02
7.268208007812500000e+02
7.181943359375000000e+02
6.970710449218750000e+02
6.915422363281250000e+02
6.813021850585937500e+02
6.676239013671875000e+02
6.608973388671875000e+02
6.486278076171875000e+02
6.394552001953125000e+02
6.318027343750000000e+02
6.168773193359375000e+02
6.109974365234375000e+02
6.095070800781250000e+02
6.048704833984375000e+02
5.984259033203125000e+02
5.950329589843750000e+02
5.884503784179687500e+02
5.873031005859375000e+02
5.784565429687500000e+02
5.780159912109375000e+02
5.760863647460937500e+02
5.838682861328125000e+02
5.869722290039062500e+02
5.718694458007812500e+02
5.899614257812500000e+02
6.557988891601562500e+02
6.767016601562500000e+02
5.972266235351562500e+02
7.951644287109375000e+02
9.180651855468750000e+02
1.203346191406250000e+03
1.316534545898437500e+03
1.291962158203125000e+03
1.123836059570312500e+03
9.448929443359375000e+02
1.159793945312500000e+03
8.815397949218750000e+02
8.925892333984375000e+02
9.014417114257812500e+02
8.866455078125000000e+02
8.699874267578125000e+02
8.635171508789062500e+02
8.395231323242187500e+02
8.297031250000000000e+02
8.304034423828125000e+02
7.987496948242187500e+02
7.698691406250000000e+02
7.807546386718750000e+02
7.505524902343750000e+02
7.471221313476562500e+02
7.412552490234375000e+02
7.173448486328125000e+02
7.091261596679687500e+02
7.056410522460937500e+02
7.008917846679687500e+02
6.867312011718750000e+02
6.783248291015625000e+02
6.731303710937500000e+02
6.688568115234375000e+02
6.662987060546875000e+02
6.530489501953125000e+02
6.499552001953125000e+02
6.416394042968750000e+02
6.453929443359375000e+02
6.339953613281250000e+02
6.305020751953125000e+02
6.213856201171875000e+02
6.214622192382812500e+02
6.188820190429687500e+02
6.183734130859375000e+02
6.055830688476562500e+02
6.134108886718750000e+02
6.183590698242187500e+02
6.226524658203125000e+02
6.106914062500000000e+02
6.126131591796875000e+02
6.052261962890625000e+02
6.143174438476562500e+02
6.232252807617187500e+02
6.275709838867187500e+02
6.324989624023437500e+02
6.323057250976562500e+02
6.203152465820312500e+02
6.159630737304687500e+02
6.169892578125000000e+02
6.182304077148437500e+02
6.303750610351562500e+02
6.638682861328125000e+02
6.452520751953125000e+02
7.502315063476562500e+02
8.716010742187500000e+02
1.046448364257812500e+03
1.055796386718750000e+03
9.163129882812500000e+02
8.797581176757812500e+02
8.985555419921875000e+02
8.561269531250000000e+02
9.200932006835937500e+02
9.352120361328125000e+02
9.119486083984375000e+02
9.042363281250000000e+02
8.466744384765625000e+02
8.312862548828125000e+02
8.279185791015625000e+02
8.073527832031250000e+02
8.016287231445312500e+02
7.770734863281250000e+02
7.702761230468750000e+02
7.594592285156250000e+02
7.556359863281250000e+02
7.346085205078125000e+02
7.293338012695312500e+02
7.191303100585937500e+02
7.127459716796875000e+02
6.956647949218750000e+02
6.885363769531250000e+02
6.853939208984375000e+02
6.789279785156250000e+02
6.801752929687500000e+02
6.958815917968750000e+02
6.896954956054687500e+02
6.787896728515625000e+02
6.822749023437500000e+02
6.857449340820312500e+02
6.824569091796875000e+02
6.959643554687500000e+02
7.113043823242187500e+02
6.991552734375000000e+02
6.913318481445312500e+02
6.795191650390625000e+02
6.913399047851562500e+02
7.025910644531250000e+02
7.089088134765625000e+02
6.836368408203125000e+02
6.995156250000000000e+02
7.038812255859375000e+02
6.979929199218750000e+02
6.943361816406250000e+02
7.290339355468750000e+02
7.079995727539062500e+02
7.081809082031250000e+02
7.671733398437500000e+02
7.318994140625000000e+02
8.698039550781250000e+02
9.674896850585937500e+02
1.140661254882812500e+03
1.117892456054687500e+03
1.002405334472656250e+03
1.132460693359375000e+03
9.583029785156250000e+02
9.957015380859375000e+02
9.866531982421875000e+02
9.973782958984375000e+02
9.560892333984375000e+02
9.479692993164062500e+02
9.137918090820312500e+02
8.984025878906250000e+02
8.839103393554687500e+02
8.711463623046875000e+02
8.493988647460937500e+02
8.365421142578125000e+02
8.368688354492187500e+02
8.214313964843750000e+02
7.961008911132812500e+02
7.917376708984375000e+02
7.953516235351562500e+02
7.849157714843750000e+02
7.880015869140625000e+02
7.726995849609375000e+02
7.619606323242187500e+02
7.537257690429687500e+02
7.419672851562500000e+02
7.529725952148437500e+02
7.875399169921875000e+02
7.575811767578125000e+02
7.434456176757812500e+02
7.301326904296875000e+02
7.579912109375000000e+02
7.804006347656250000e+02
7.609692993164062500e+02
7.692466430664062500e+02
8.245191650390625000e+02
7.844788208007812500e+02
9.137253417968750000e+02
9.659091796875000000e+02
1.091162353515625000e+03
1.041550781250000000e+03
1.008447753906250000e+03
1.016784667968750000e+03
9.287563476562500000e+02
9.245017700195312500e+02
9.430185546875000000e+02
9.417277832031250000e+02
9.216112670898437500e+02
8.842247314453125000e+02
8.856772460937500000e+02
8.718583374023437500e+02
8.582470703125000000e+02
8.926518554687500000e+02
8.836875000000000000e+02
8.828218383789062500e+02
8.941544189453125000e+02
8.641029052734375000e+02
8.636777343750000000e+02
9.007675781250000000e+02
8.644307861328125000e+02
8.626300048828125000e+02
8.890651855468750000e+02
8.533293457031250000e+02
8.456860351562500000e+02
8.687933349609375000e+02
8.781566772460937500e+02
8.416066894531250000e+02
9.146290893554687500e+02
9.215157470703125000e+02
9.441386718750000000e+02
9.478129882812500000e+02
8.692315673828125000e+02
8.664990234375000000e+02
8.634767456054687500e+02
8.399859619140625000e+02
8.368408813476562500e+02
8.303524780273437500e+02
8.212733154296875000e+02
8.156803588867187500e+02
8.536453857421875000e+02
8.113178100585937500e+02
8.459776611328125000e+02
9.539710693359375000e+02
9.871562500000000000e+02
9.047197265625000000e+02
9.780716552734375000e+02
9.660494384765625000e+02
1.053962402343750000e+03
9.927912597656250000e+02
1.082791748046875000e+03
9.903011474609375000e+02
1.029629882812500000e+03
1.008073608398437500e+03
1.075758178710937500e+03
1.017772094726562500e+03
1.039086914062500000e+03
1.004179748535156250e+03
9.672554321289062500e+02
9.458761596679687500e+02
9.426260986328125000e+02
9.363712158203125000e+02
9.185323486328125000e+02
9.017700195312500000e+02
8.838468627929687500e+02
8.799345703125000000e+02
8.900505371093750000e+02
8.689769287109375000e+02
8.580206298828125000e+02
8.383004150390625000e+02
8.382447509765625000e+02
8.538158569335937500e+02
8.945938720703125000e+02
8.593459472656250000e+02
8.906682128906250000e+02
9.351691894531250000e+02
9.275157470703125000e+02
1.007169555664062500e+03
9.469749755859375000e+02
9.522062988281250000e+02
9.794603271484375000e+02
9.184210205078125000e+02
9.103760986328125000e+02
9.293093261718750000e+02
9.045604248046875000e+02
8.872843627929687500e+02
8.719019775390625000e+02
8.739378662109375000e+02
8.658510742187500000e+02
8.373139648437500000e+02
8.192943725585937500e+02
8.486063232421875000e+02
9.345773925781250000e+02
8.651184082031250000e+02
1.123933593750000000e+03
1.251644287109375000e+03
1.528837158203125000e+03
1.582795288085937500e+03
1.434170410156250000e+03
1.336365478515625000e+03
1.380840332031250000e+03
1.225959350585937500e+03
1.243071044921875000e+03
1.266362182617187500e+03
1.257945312500000000e+03
1.238748168945312500e+03
1.177087768554687500e+03
1.170932861328125000e+03
1.124696044921875000e+03
1.075606445312500000e+03
1.052389160156250000e+03
1.027402954101562500e+03
1.018729125976562500e+03
1.006636718750000000e+03
9.825931396484375000e+02
9.684478149414062500e+02
9.379023437500000000e+02
9.400596313476562500e+02
9.167877197265625000e+02
8.964241943359375000e+02
8.895856933593750000e+02
8.762999267578125000e+02
8.786166381835937500e+02
9.264512329101562500e+02
8.931669921875000000e+02
8.546090087890625000e+02
8.586021728515625000e+02
8.381311645507812500e+02
8.428931884765625000e+02
8.797673339843750000e+02
9.220046386718750000e+02
1.076489746093750000e+03
1.099733398437500000e+03
1.035731201171875000e+03
1.026740844726562500e+03
1.009602294921875000e+03
1.025424560546875000e+03
1.046895629882812500e+03
9.860409545898437500e+02
9.815835571289062500e+02
9.907802124023437500e+02
9.695922851562500000e+02
9.449549560546875000e+02
9.186119995117187500e+02
9.060197753906250000e+02
9.074825439453125000e+02
9.190507812500000000e+02
9.663761596679687500e+02
1.088098144531250000e+03
1.112108520507812500e+03
1.035443359375000000e+03
1.056977905273437500e+03
1.052705810546875000e+03
1.067542480468750000e+03
1.079511596679687500e+03
1.007036193847656250e+03
1.005828613281250000e+03
1.001214843750000000e+03
9.770238647460937500e+02
9.528208618164062500e+02
9.522132568359375000e+02
9.375830078125000000e+02
9.371630249023437500e+02
9.180911254882812500e+02
9.279343872070312500e+02
9.295610961914062500e+02
9.582076416015625000e+02
9.881194458007812500e+02
9.234622802734375000e+02
9.415267333984375000e+02
1.050651855468750000e+03
1.003940490722656250e+03
1.187421630859375000e+03
1.124999877929687500e+03
1.199450439453125000e+03
1.173868408203125000e+03
1.212325439453125000e+03
1.112244628906250000e+03
1.129000732421875000e+03
1.152064941406250000e+03
1.114764770507812500e+03
1.079746704101562500e+03
1.050145385742187500e+03
1.024139160156250000e+03
1.007561523437500000e+03
1.005730468750000000e+03
9.698406982421875000e+02
9.737697753906250000e+02
9.508518066406250000e+02
9.508389892578125000e+02
9.695377807617187500e+02
9.683656005859375000e+02
9.140610351562500000e+02
9.317552490234375000e+02
9.566987915039062500e+02
9.703651123046875000e+02
9.698074951171875000e+02
9.508923339843750000e+02
9.016548461914062500e+02
8.949317626953125000e+02
9.195949707031250000e+02
9.541390380859375000e+02
9.498388061523437500e+02
9.680991210937500000e+02
9.186116333007812500e+02
8.762211914062500000e+02
8.677568969726562500e+02
8.579160156250000000e+02
8.574870605468750000e+02
9.826060180664062500e+02
9.728328857421875000e+02
9.431667480468750000e+02
9.949162597656250000e+02
9.951383056640625000e+02
9.660012207031250000e+02
9.268798828125000000e+02
9.843592529296875000e+02
9.756658935546875000e+02
9.591502685546875000e+02
9.416517333984375000e+02
9.116119384765625000e+02
9.659307861328125000e+02
1.124349609375000000e+03
1.089925537109375000e+03
1.241286865234375000e+03
1.128855224609375000e+03
1.144744140625000000e+03
1.209687255859375000e+03
1.131303222656250000e+03
1.107519653320312500e+03
1.076877441406250000e+03
1.046271484375000000e+03
1.032527587890625000e+03
1.033099121093750000e+03
1.015524169921875000e+03
1.036946655273437500e+03
1.074981933593750000e+03
1.010813598632812500e+03
1.054529418945312500e+03
1.185314208984375000e+03
1.174601684570312500e+03
1.168572021484375000e+03
1.073247314453125000e+03
1.071471435546875000e+03
1.058668457031250000e+03
1.038315185546875000e+03
1.031582031250000000e+03
1.012332275390625000e+03
9.720220336914062500e+02
9.474677734375000000e+02
9.357770996093750000e+02
9.015147705078125000e+02
8.764158935546875000e+02
8.529604492187500000e+02
8.647823486328125000e+02
9.140659179687500000e+02
1.233817626953125000e+03
1.601669311523437500e+03
2.047771484375000000e+03
2.175063964843750000e+03
2.043845214843750000e+03
1.714569946289062500e+03
1.950190673828125000e+03
1.518305419921875000e+03
1.465342285156250000e+03
1.424696899414062500e+03
1.412776611328125000e+03
1.361000122070312500e+03
1.356647705078125000e+03
1.291570556640625000e+03
1.257177612304687500e+03
1.213512695312500000e+03
1.201271850585937500e+03
1.149294433593750000e+03
1.129509155273437500e+03
1.091224853515625000e+03
1.116423583984375000e+03
1.217775146484375000e+03
1.098326416015625000e+03
1.553262695312500000e+03
1.609222167968750000e+03
1.982590087890625000e+03
2.027142578125000000e+03
1.780759033203125000e+03
1.710979614257812500e+03
1.858628173828125000e+03
1.542754394531250000e+03
1.573967407226562500e+03
1.573295043945312500e+03
1.528111328125000000e+03
1.523275878906250000e+03
1.395072387695312500e+03
1.366390991210937500e+03
1.367456054687500000e+03
1.299748291015625000e+03
1.281921386718750000e+03
1.267530029296875000e+03
1.216067016601562500e+03
1.183993164062500000e+03
1.211792724609375000e+03
1.221135131835937500e+03
1.168093505859375000e+03
1.270593017578125000e+03
1.214549316406250000e+03
1.179366943359375000e+03
1.289322265625000000e+03
1.136872802734375000e+03
1.123598999023437500e+03
1.179948120117187500e+03
1.103937744140625000e+03
1.086449951171875000e+03
1.121444091796875000e+03
1.059835205078125000e+03
1.024535400390625000e+03
1.067469238281250000e+03
1.122325195312500000e+03
1.021362487792968750e+03
1.252287963867187500e+03
1.294986694335937500e+03
1.408373291015625000e+03
1.289727172851562500e+03
1.421918701171875000e+03
1.199598388671875000e+03
1.240399658203125000e+03
1.212635498046875000e+03
1.188550170898437500e+03
1.146826660156250000e+03
1.130102661132812500e+03
1.094765380859375000e+03
1.057232421875000000e+03
1.030457763671875000e+03
1.012154174804687500e+03
1.002042846679687500e+03
1.028214111328125000e+03
1.023678222656250000e+03
1.012543701171875000e+03
9.596707763671875000e+02
9.760576171875000000e+02
9.644519653320312500e+02
1.013330932617187500e+03
1.013438232421875000e+03
9.935844726562500000e+02
9.267617187500000000e+02
9.357754516601562500e+02
8.968861083984375000e+02
9.048838500976562500e+02
1.017693115234375000e+03
1.055886230468750000e+03
9.558059082031250000e+02
1.009288940429687500e+03
1.019588134765625000e+03
1.028584472656250000e+03
9.873281860351562500e+02
9.808331909179687500e+02
9.463789062500000000e+02
9.547294921875000000e+02
1.079612792968750000e+03
1.256839721679687500e+03
1.249344970703125000e+03
1.249680419921875000e+03
1.087663818359375000e+03
1.116322509765625000e+03
1.107511840820312500e+03
1.082822509765625000e+03
1.050095947265625000e+03
1.034012573242187500e+03
9.788970336914062500e+02
9.516944580078125000e+02
9.322301025390625000e+02
9.383244628906250000e+02
1.032652465820312500e+03
1.284474121093750000e+03
1.290927490234375000e+03
1.205466674804687500e+03
1.154644287109375000e+03
1.175608154296875000e+03
1.204960937500000000e+03
1.249263916015625000e+03
1.138490234375000000e+03
1.131324340820312500e+03
1.125987060546875000e+03
1.087963134765625000e+03
1.066771728515625000e+03
1.037586791992187500e+03
1.003279418945312500e+03
1.019277282714843750e+03
1.081811035156250000e+03
1.039920410156250000e+03
9.677727661132812500e+02
9.892124633789062500e+02
9.752011718750000000e+02
1.008187622070312500e+03
1.066061035156250000e+03
1.064238281250000000e+03
9.331896972656250000e+02
9.596264648437500000e+02
9.397987060546875000e+02
9.168510742187500000e+02
9.117690429687500000e+02
9.453632812500000000e+02
1.123511962890625000e+03
1.450491333007812500e+03
1.631628662109375000e+03
1.481205810546875000e+03
1.531877685546875000e+03
1.330528076171875000e+03
1.300187988281250000e+03
1.300664794921875000e+03
1.306847412109375000e+03
1.247515991210937500e+03
1.232010009765625000e+03
1.203610351562500000e+03
1.159347778320312500e+03
1.124590087890625000e+03
1.102939819335937500e+03
1.052557861328125000e+03
1.060119140625000000e+03
1.064572998046875000e+03
1.038280517578125000e+03
9.973450927734375000e+02
1.028584228515625000e+03
1.097695800781250000e+03
9.734621582031250000e+02
1.027675781250000000e+03
1.257565551757812500e+03
1.178239501953125000e+03
1.330805175781250000e+03
1.064290893554687500e+03
1.081360961914062500e+03
1.142882446289062500e+03
1.067687011718750000e+03
1.022592041015625000e+03
1.023572509765625000e+03
1.025344238281250000e+03
1.022164550781250000e+03
9.427659912109375000e+02
9.318066406250000000e+02
9.466268310546875000e+02
1.109750000000000000e+03
1.362639160156250000e+03
1.431234985351562500e+03
1.322085327148437500e+03
1.350275390625000000e+03
1.219636840820312500e+03
1.256000610351562500e+03
1.305513427734375000e+03
1.223843750000000000e+03
1.199388427734375000e+03
1.163188232421875000e+03
1.114662597656250000e+03
1.104166748046875000e+03
1.087895385742187500e+03
1.042177978515625000e+03
1.037015014648437500e+03
1.004691772460937500e+03
1.051666870117187500e+03
1.178927734375000000e+03
1.046410400390625000e+03
1.287442993164062500e+03
1.364415893554687500e+03
1.466305664062500000e+03
1.367475830078125000e+03
1.408598022460937500e+03
1.248534790039062500e+03
1.281226440429687500e+03
1.251791015625000000e+03
1.241457031250000000e+03
1.199529296875000000e+03
1.166841918945312500e+03
