2.404941894531250000e+03
1.738685607910156250e+02
2.940921592712402344e+01
5.990449905395507812e+01
9.521781921386718750e+01
1.320199584960937500e+02
1.709222412109375000e+02
2.095161743164062500e+02
2.468030090332031250e+02
2.827917785644531250e+02
3.168672485351562500e+02
3.503397827148437500e+02
3.770685119628906250e+02
4.015057983398437500e+02
4.240241088867187500e+02
4.412393188476562500e+02
4.494257812500000000e+02
4.553703613281250000e+02
4.547023925781250000e+02
4.474980773925781250e+02
4.344203796386718750e+02
4.102102050781250000e+02
3.845623779296875000e+02
3.471829223632812500e+02
3.023430786132812500e+02
2.886665344238281250e+02
2.319222869873046875e+02
2.292752075195312500e+02
1.997679290771484375e+02
1.967996520996093750e+02
1.902570190429687500e+02
1.821448364257812500e+02
1.760854187011718750e+02
1.694712829589843750e+02
1.672001037597656250e+02
1.602131042480468750e+02
1.601540527343750000e+02
1.528478546142578125e+02
1.551408081054687500e+02
1.539133453369140625e+02
1.495588989257812500e+02
1.679286804199218750e+02
1.883701934814453125e+02
2.253262329101562500e+02
2.382238769531250000e+02
2.267455596923828125e+02
1.917894592285156250e+02
2.435010681152343750e+02
2.067099304199218750e+02
2.544152832031250000e+02
2.758290710449218750e+02
2.694022216796875000e+02
2.458066101074218750e+02
2.385195770263671875e+02
2.230043487548828125e+02
2.160652008056640625e+02
2.265489807128906250e+02
2.186175537109375000e+02
2.285507507324218750e+02
2.156751098632812500e+02
2.180163269042968750e+02
2.161008453369140625e+02
2.184371032714843750e+02
2.127832641601562500e+02
2.152683410644531250e+02
2.133772583007812500e+02
2.094785461425781250e+02
2.072735595703125000e+02
2.070206756591796875e+02
2.034863128662109375e+02
2.005305175781250000e+02
2.007805938720703125e+02
1.983137512207031250e+02
1.965189666748046875e+02
1.956837463378906250e+02
1.929682159423828125e+02
1.956117553710937500e+02
2.063312683105468750e+02
1.994235687255859375e+02
2.813187561035156250e+02
3.820426025390625000e+02
5.527084960937500000e+02
6.668507080078125000e+02
7.272078857421875000e+02
7.305631713867187500e+02
6.950505371093750000e+02
6.099636230468750000e+02
4.896887512207031250e+02
3.701525268554687500e+02
7.771074218750000000e+02
4.884244384765625000e+02
7.121650390625000000e+02
8.730995483398437500e+02
9.844924316406250000e+02
1.026987182617187500e+03
1.042070556640625000e+03
9.981450195312500000e+02
9.069942626953125000e+02
7.748587646484375000e+02
6.058834838867187500e+02
9.155861206054687500e+02
5.563189697265625000e+02
6.502258911132812500e+02
7.026717529296875000e+02
7.075508422851562500e+02
6.756894531250000000e+02
6.009473876953125000e+02
5.789808349609375000e+02
5.762272949218750000e+02
4.891106262207031250e+02
5.005718383789062500e+02
4.906571044921875000e+02
4.789219360351562500e+02
4.547891235351562500e+02
4.297753906250000000e+02
4.288042602539062500e+02
4.184799499511718750e+02
4.089496154785156250e+02
4.036819763183593750e+02
3.962947387695312500e+02
3.831377868652343750e+02
3.708304443359375000e+02
3.698366394042968750e+02
3.573079223632812500e+02
3.511322631835937500e+02
3.415880126953125000e+02
3.363864440917968750e+02
3.311262207031250000e+02
3.220773010253906250e+02
3.172486877441406250e+02
3.096394042968750000e+02
3.049108276367187500e+02
2.993286132812500000e+02
2.940115966796875000e+02
2.939659423828125000e+02
2.857573852539062500e+02
2.880211791992187500e+02
2.899591064453125000e+02
2.822708129882812500e+02
2.858886718750000000e+02
3.092334289550781250e+02
3.080802001953125000e+02
2.841176452636718750e+02
2.789069519042968750e+02
3.034157104492187500e+02
3.052796020507812500e+02
2.853456420898437500e+02
3.070078735351562500e+02
3.815383300781250000e+02
4.574284973144531250e+02
4.397205505371093750e+02
3.480836486816406250e+02
5.748542480468750000e+02
5.592972412109375000e+02
8.122362060546875000e+02
9.762291259765625000e+02
1.040204223632812500e+03
1.022341857910156250e+03
9.334293212890625000e+02
7.986755371093750000e+02
7.986408081054687500e+02
6.448526611328125000e+02
5.993049926757812500e+02
5.892522583007812500e+02
5.735448608398437500e+02
5.654801635742187500e+02
5.413626708984375000e+02
5.334611206054687500e+02
5.247247314453125000e+02
5.123832397460937500e+02
5.010910339355468750e+02
4.907604980468750000e+02
4.740882568359375000e+02
4.589985961914062500e+02
4.442059020996093750e+02
4.381400146484375000e+02
4.293409423828125000e+02
4.202012023925781250e+02
4.089617004394531250e+02
3.971763916015625000e+02
3.965437011718750000e+02
3.923141479492187500e+02
3.815439147949218750e+02
3.789261474609375000e+02
3.765970458984375000e+02
3.728847656250000000e+02
3.805159301757812500e+02
4.038516845703125000e+02
4.096839599609375000e+02
3.669940795898437500e+02
5.242500000000000000e+02
6.668986816406250000e+02
9.635686645507812500e+02
1.125817260742187500e+03
1.181239868164062500e+03
1.137266723632812500e+03
1.006922607421875000e+03
8.133498535156250000e+02
6.715597534179687500e+02
1.057172729492187500e+03
6.613262939453125000e+02
8.090341796875000000e+02
9.028577270507812500e+02
9.095335693359375000e+02
8.486068115234375000e+02
8.181930541992187500e+02
7.355712890625000000e+02
6.681220703125000000e+02
6.475469360351562500e+02
6.320937500000000000e+02
6.252097778320312500e+02
6.046862792968750000e+02
6.009868164062500000e+02
5.872091064453125000e+02
5.774697875976562500e+02
5.563289794921875000e+02
5.407824707031250000e+02
5.337780151367187500e+02
5.195864257812500000e+02
5.054169311523437500e+02
5.008326416015625000e+02
4.833281555175781250e+02
4.761695251464843750e+02
4.739987182617187500e+02
4.598864746093750000e+02
4.533405761718750000e+02
4.457330322265625000e+02
4.406184082031250000e+02
4.330231933593750000e+02
4.278539123535156250e+02
4.213262939453125000e+02
4.179660949707031250e+02
4.162915649414062500e+02
4.123320312500000000e+02
4.072805175781250000e+02
4.021107788085937500e+02
4.017380065917968750e+02
3.962713928222656250e+02
3.953157348632812500e+02
3.965849914550781250e+02
3.975486755371093750e+02
4.164985961914062500e+02
4.031262512207031250e+02
5.268883056640625000e+02
7.701807861328125000e+02
1.087390136718750000e+03
1.250780761718750000e+03
1.268955932617187500e+03
1.190759399414062500e+03
1.015383728027343750e+03
7.851715087890625000e+02
8.993653564453125000e+02
6.727922363281250000e+02
6.633621826171875000e+02
6.618978881835937500e+02
6.568393554687500000e+02
6.491727294921875000e+02
6.344530639648437500e+02
6.308049316406250000e+02
6.113483886718750000e+02
5.998298339843750000e+02
5.858854980468750000e+02
5.808040161132812500e+02
5.598474121093750000e+02
5.514456787109375000e+02
5.439661865234375000e+02
5.286213989257812500e+02
5.208260498046875000e+02
5.171173095703125000e+02
5.070845947265625000e+02
5.025267028808593750e+02
4.910202636718750000e+02
4.855172424316406250e+02
4.810692138671875000e+02
4.737654724121093750e+02
4.659451293945312500e+02
4.671263427734375000e+02
4.593529357910156250e+02
4.553042602539062500e+02
4.640407104492187500e+02
4.725502319335937500e+02
4.703117675781250000e+02
4.882266845703125000e+02
4.901612548828125000e+02
5.032430419921875000e+02
4.717086181640625000e+02
5.066251220703125000e+02
5.291679077148437500e+02
5.651218261718750000e+02
5.233756103515625000e+02
5.792423706054687500e+02
5.279681396484375000e+02
5.649873046875000000e+02
5.531276855468750000e+02
5.938319091796875000e+02
5.510455322265625000e+02
5.559471435546875000e+02
5.566285400390625000e+02
5.432606201171875000e+02
5.345849609375000000e+02
5.350255126953125000e+02
5.246959228515625000e+02
5.217188110351562500e+02
5.157822265625000000e+02
5.132204589843750000e+02
5.099410400390625000e+02
5.019532775878906250e+02
5.007187500000000000e+02
4.919239501953125000e+02
4.877367553710937500e+02
4.839963989257812500e+02
4.928554992675781250e+02
4.952138061523437500e+02
5.093373413085937500e+02
4.843643493652343750e+02
5.508651123046875000e+02
6.535606689453125000e+02
7.614898681640625000e+02
7.247291259765625000e+02
6.050764160156250000e+02
9.248928833007812500e+02
8.088596191406250000e+02
1.061198608398437500e+03
1.150001098632812500e+03
1.084990234375000000e+03
1.018780944824218750e+03
1.103399291992187500e+03
9.526986083984375000e+02
9.909761962890625000e+02
9.740930175781250000e+02
9.415593261718750000e+02
9.418391113281250000e+02
8.808894653320312500e+02
8.670690917968750000e+02
8.452946777343750000e+02
8.229912109375000000e+02
7.972385864257812500e+02
7.798214111328125000e+02
7.638848876953125000e+02
7.388317871093750000e+02
7.188790893554687500e+02
7.019761352539062500e+02
6.806804809570312500e+02
6.709771728515625000e+02
6.595268554687500000e+02
6.401967773437500000e+02
6.301571044921875000e+02
6.224638671875000000e+02
6.134984130859375000e+02
6.134189453125000000e+02
6.051325073242187500e+02
5.941912231445312500e+02
5.938205566406250000e+02
5.818489379882812500e+02
5.876052246093750000e+02
5.932679443359375000e+02
5.714713745117187500e+02
5.757696533203125000e+02
6.064168701171875000e+02
5.813410644531250000e+02
6.734680175781250000e+02
7.666240844726562500e+02
8.865039062500000000e+02
8.263913574218750000e+02
6.886188964843750000e+02
1.161530151367187500e+03
1.046474975585937500e+03
1.467635253906250000e+03
1.672071533203125000e+03
1.672816406250000000e+03
1.497948730468750000e+03
1.251271728515625000e+03
1.409030273437500000e+03
1.052389282226562500e+03
1.055850952148437500e+03
1.056975708007812500e+03
1.040987304687500000e+03
9.995571289062500000e+02
9.778125000000000000e+02
9.476683349609375000e+02
9.265251464843750000e+02
8.947072753906250000e+02
8.661159667968750000e+02
8.402027587890625000e+02
8.267844848632812500e+02
7.884283447265625000e+02
7.775780029296875000e+02
7.705858764648437500e+02
7.467999877929687500e+02
7.322112426757812500e+02
7.154490966796875000e+02
7.078048706054687500e+02
6.904364013671875000e+02
6.845477294921875000e+02
6.695076293945312500e+02
6.668734130859375000e+02
6.603066406250000000e+02
6.604340820312500000e+02
6.715226440429687500e+02
6.484275512695312500e+02
7.037895507812500000e+02
8.070673217773437500e+02
8.857688598632812500e+02
7.779921264648437500e+02
8.115490722656250000e+02
7.257839355468750000e+02
7.393176269531250000e+02
7.317680664062500000e+02
7.526004028320312500e+02
7.362897949218750000e+02
7.274165649414062500e+02
7.402675781250000000e+02
7.038051147460937500e+02
6.986340332031250000e+02
7.048543090820312500e+02
6.943358764648437500e+02
6.778471679687500000e+02
7.125164794921875000e+02
7.272329711914062500e+02
7.259306030273437500e+02
7.016771240234375000e+02
6.713825073242187500e+02
6.671662597656250000e+02
6.592500000000000000e+02
6.605598754882812500e+02
6.400339355468750000e+02
6.417121582031250000e+02
6.363645019531250000e+02
6.524323730468750000e+02
6.714326171875000000e+02
6.581036376953125000e+02
7.388431396484375000e+02
7.973907470703125000e+02
8.814048461914062500e+02
8.011048583984375000e+02
8.127367553710937500e+02
7.295697021484375000e+02
7.370427246093750000e+02
7.288328857421875000e+02
7.256469116210937500e+02
7.101690063476562500e+02
6.973322143554687500e+02
6.822198486328125000e+02
6.768178710937500000e+02
6.734556884765625000e+02
6.695351562500000000e+02
6.696032104492187500e+02
6.459020385742187500e+02
6.415122070312500000e+02
6.384385375976562500e+02
6.337236328125000000e+02
6.651891479492187500e+02
7.402112426757812500e+02
7.416854248046875000e+02
7.080465087890625000e+02
6.741594238281250000e+02
6.681170654296875000e+02
6.763143310546875000e+02
6.609092407226562500e+02
6.607849121093750000e+02
6.481160278320312500e+02
6.400411376953125000e+02
6.368865356445312500e+02
6.378507080078125000e+02
6.859985961914062500e+02
7.890909423828125000e+02
8.290494384765625000e+02
7.250827636718750000e+02
1.025271728515625000e+03
1.087731689453125000e+03
1.440286254882812500e+03
1.565998046875000000e+03
1.489809814453125000e+03
1.256467773437500000e+03
1.230782104492187500e+03
1.288151367187500000e+03
1.126474853515625000e+03
1.197491821289062500e+03
1.229996704101562500e+03
1.208802001953125000e+03
1.181060546875000000e+03
1.111931396484375000e+03
1.077160644531250000e+03
1.042334472656250000e+03
1.031736816406250000e+03
9.935207519531250000e+02
9.630655517578125000e+02
9.385758056640625000e+02
9.136865234375000000e+02
8.892755126953125000e+02
8.647839355468750000e+02
8.591228027343750000e+02
8.421978759765625000e+02
8.307805175781250000e+02
8.054588623046875000e+02
7.930482177734375000e+02
7.990420532226562500e+02
7.698114624023437500e+02
7.737501220703125000e+02
7.536795654296875000e+02
7.552401733398437500e+02
7.358718261718750000e+02
7.410086669921875000e+02
7.485408935546875000e+02
7.246805419921875000e+02
7.429809570312500000e+02
7.881884765625000000e+02
7.968227539062500000e+02
8.053249511718750000e+02
7.494250488281250000e+02
7.572364501953125000e+02
7.540465087890625000e+02
7.476591186523437500e+02
7.345112304687500000e+02
7.376696777343750000e+02
7.138336181640625000e+02
7.204047851562500000e+02
7.026270141601562500e+02
7.093054199218750000e+02
7.529052734375000000e+02
7.211736450195312500e+02
7.188059082031250000e+02
7.497950439453125000e+02
7.293204956054687500e+02
8.149495849609375000e+02
9.033070068359375000e+02
1.001318237304687500e+03
9.078817138671875000e+02
9.242958984375000000e+02
8.471325073242187500e+02
8.242756347656250000e+02
8.192581176757812500e+02
8.254811401367187500e+02
8.208713378906250000e+02
8.118162841796875000e+02
8.061049194335937500e+02
7.749042968750000000e+02
7.737238159179687500e+02
7.708929443359375000e+02
7.682214355468750000e+02
7.582893676757812500e+02
7.491575317382812500e+02
7.426499633789062500e+02
7.585426025390625000e+02
7.888345336914062500e+02
7.449166259765625000e+02
9.610866699218750000e+02
1.073245727539062500e+03
1.337072631835937500e+03
1.386731445312500000e+03
1.243168701171875000e+03
1.045717407226562500e+03
1.383006347656250000e+03
1.079439453125000000e+03
1.179685058593750000e+03
1.238452148437500000e+03
1.208804931640625000e+03
1.181649902343750000e+03
1.130044189453125000e+03
1.051068237304687500e+03
1.037950805664062500e+03
1.042189453125000000e+03
1.007538818359375000e+03
9.798007812500000000e+02
9.494165039062500000e+02
9.252416992187500000e+02
8.944564819335937500e+02
8.811435546875000000e+02
8.643756103515625000e+02
8.617037353515625000e+02
8.497385253906250000e+02
8.359838867187500000e+02
8.141074218750000000e+02
7.961131591796875000e+02
7.960223388671875000e+02
7.834789428710937500e+02
7.885709228515625000e+02
7.792824707031250000e+02
8.078157958984375000e+02
8.878686523437500000e+02
8.625153808593750000e+02
9.611063232421875000e+02
8.910245971679687500e+02
9.167308959960937500e+02
9.072332763671875000e+02
9.046327514648437500e+02
8.834950561523437500e+02
8.921566162109375000e+02
8.953712158203125000e+02
8.480156250000000000e+02
8.464570922851562500e+02
8.392996215820312500e+02
8.236347045898437500e+02
8.258529052734375000e+02
8.061192626953125000e+02
7.947100219726562500e+02
7.867490234375000000e+02
7.708371582031250000e+02
7.411909179687500000e+02
7.509374389648437500e+02
7.809484863281250000e+02
8.876078491210937500e+02
1.033123413085937500e+03
1.142351806640625000e+03
1.060783935546875000e+03
1.116226562500000000e+03
9.788366088867187500e+02
9.926756591796875000e+02
9.953930664062500000e+02
9.822800903320312500e+02
9.695391235351562500e+02
9.486340942382812500e+02
9.242515869140625000e+02
8.932579345703125000e+02
8.797038574218750000e+02
8.596821289062500000e+02
8.484785156250000000e+02
8.300899658203125000e+02
8.113250732421875000e+02
8.163608398437500000e+02
8.170030517578125000e+02
8.472234497070312500e+02
9.071267089843750000e+02
8.564352416992187500e+02
1.064506225585937500e+03
1.078662597656250000e+03
1.242088134765625000e+03
1.163240966796875000e+03
1.141702758789062500e+03
1.103990478515625000e+03
1.053862426757812500e+03
1.074645141601562500e+03
1.038474609375000000e+03
1.037194091796875000e+03
1.002678100585937500e+03
9.903344116210937500e+02
9.788357543945312500e+02
9.467470703125000000e+02
9.330126953125000000e+02
9.102655029296875000e+02
8.748255615234375000e+02
8.623992919921875000e+02
8.604840087890625000e+02
8.528525390625000000e+02
8.534545898437500000e+02
8.791062011718750000e+02
8.555654296875000000e+02
8.171901855468750000e+02
8.496102294921875000e+02
8.601658935546875000e+02
8.492373657226562500e+02
8.037596435546875000e+02
7.999953613281250000e+02
7.814799804687500000e+02
7.695541992187500000e+02
7.704379882812500000e+02
7.662144775390625000e+02
8.942276611328125000e+02
1.192993652343750000e+03
1.408133300781250000e+03
1.370798339843750000e+03
1.166632080078125000e+03
1.361984375000000000e+03
1.093949340820312500e+03
1.134479370117187500e+03
1.134213378906250000e+03
1.149178955078125000e+03
1.099029174804687500e+03
1.068913085937500000e+03
1.047428222656250000e+03
1.016273620605468750e+03
9.837374877929687500e+02
9.612005004882812500e+02
9.480715332031250000e+02
9.384415283203125000e+02
9.179260864257812500e+02
8.941766357421875000e+02
8.887976684570312500e+02
8.740217285156250000e+02
9.052032470703125000e+02
1.010320190429687500e+03
9.621976318359375000e+02
1.132881103515625000e+03
1.085145751953125000e+03
1.170589599609375000e+03
1.099424682617187500e+03
1.207630615234375000e+03
1.064741699218750000e+03
1.077838256835937500e+03
1.067282226562500000e+03
1.060683715820312500e+03
1.013968017578125000e+03
9.856845703125000000e+02
9.663571166992187500e+02
9.473851318359375000e+02
9.270166625976562500e+02
8.937717895507812500e+02
8.831258544921875000e+02
8.764561767578125000e+02
8.754525756835937500e+02
8.787242431640625000e+02
8.677762451171875000e+02
8.437092285156250000e+02
8.695811767578125000e+02
8.749509277343750000e+02
8.721899414062500000e+02
8.992985229492187500e+02
8.916054077148437500e+02
8.373837890625000000e+02
8.258935546875000000e+02
8.130168457031250000e+02
8.169686279296875000e+02
8.789260253906250000e+02
8.913320312500000000e+02
9.832617187500000000e+02
9.360639648437500000e+02
1.075905395507812500e+03
1.049939086914062500e+03
1.123692138671875000e+03
1.120304931640625000e+03
1.135066528320312500e+03
1.066035888671875000e+03
1.083822021484375000e+03
1.061090332031250000e+03
1.046004638671875000e+03
1.029193603515625000e+03
1.013892517089843750e+03
1.003401855468750000e+03
9.776949462890625000e+02
9.598084716796875000e+02
9.414221191406250000e+02
9.543240966796875000e+02
9.310538940429687500e+02
8.797078247070312500e+02
8.819168090820312500e+02
8.771701660156250000e+02
9.042247314453125000e+02
9.418005371093750000e+02
9.978493652343750000e+02
9.388194580078125000e+02
1.030693481445312500e+03
1.076417358398437500e+03
1.125416748046875000e+03
1.123724731445312500e+03
1.040056396484375000e+03
1.041166015625000000e+03
1.021852050781250000e+03
1.047375000000000000e+03
9.984207763671875000e+02
9.939102783203125000e+02
9.912958984375000000e+02
9.944125976562500000e+02
9.421068725585937500e+02
9.801733398437500000e+02
1.078957763671875000e+03
1.061602172851562500e+03
1.080772338867187500e+03
9.532415771484375000e+02
9.625445556640625000e+02
9.671747436523437500e+02
9.231118164062500000e+02
9.091096191406250000e+02
9.213894042968750000e+02
9.205148925781250000e+02
9.218990478515625000e+02
9.242195434570312500e+02
9.177010498046875000e+02
8.783117675781250000e+02
8.786113891601562500e+02
8.696160888671875000e+02
9.207416992187500000e+02
9.807366333007812500e+02
8.943249511718750000e+02
1.089634277343750000e+03
1.257795898437500000e+03
1.449306640625000000e+03
1.398605224609375000e+03
1.291481445312500000e+03
1.356753540039062500e+03
1.220915771484375000e+03
1.290822998046875000e+03
1.305517822265625000e+03
1.304816650390625000e+03
1.250721191406250000e+03
1.199180664062500000e+03
1.185444580078125000e+03
1.170395874023437500e+03
1.111909301757812500e+03
1.082661987304687500e+03
1.072763793945312500e+03
1.039113525390625000e+03
1.019615112304687500e+03
1.011882202148437500e+03
1.046940917968750000e+03
9.692976074218750000e+02
9.659864501953125000e+02
9.909472045898437500e+02
9.470780639648437500e+02
9.074827880859375000e+02
9.197343750000000000e+02
9.565403442382812500e+02
9.859473876953125000e+02
9.263571777343750000e+02
9.180443725585937500e+02
9.873718261718750000e+02
9.583133544921875000e+02
9.271055908203125000e+02
9.496867675781250000e+02
9.638164062500000000e+02
9.088471679687500000e+02
9.180178222656250000e+02
8.798288574218750000e+02
8.642901000976562500e+02
8.639271240234375000e+02
9.068074340820312500e+02
1.080929443359375000e+03
1.010825561523437500e+03
1.256115722656250000e+03
1.161873535156250000e+03
1.273787475585937500e+03
1.205459960937500000e+03
1.343945556640625000e+03
1.237347900390625000e+03
1.294562011718750000e+03
1.236343994140625000e+03
1.277719238281250000e+03
1.180523925781250000e+03
1.164927246093750000e+03
1.154540527343750000e+03
1.116246093750000000e+03
1.080457519531250000e+03
1.031295532226562500e+03
1.016823120117187500e+03
1.002130981445312500e+03
1.011826049804687500e+03
1.025923706054687500e+03
9.841752929687500000e+02
9.678149414062500000e+02
1.012154663085937500e+03
9.647633056640625000e+02
9.579621582031250000e+02
1.024201171875000000e+03
9.737731933593750000e+02
1.026322509765625000e+03
1.079153320312500000e+03
1.034735351562500000e+03
1.209393310546875000e+03
1.066459960937500000e+03
1.113642822265625000e+03
1.117987792968750000e+03
1.048377929687500000e+03
1.029183593750000000e+03
1.001586303710937500e+03
1.016867431640625000e+03
1.015727416992187500e+03
9.627283935546875000e+02
9.873944091796875000e+02
1.052903930664062500e+03
9.790900878906250000e+02
1.127647216796875000e+03
1.164531494140625000e+03
1.213285888671875000e+03
1.115281494140625000e+03
1.208304565429687500e+03
1.114056884765625000e+03
1.154491699218750000e+03
1.129055664062500000e+03
1.113447021484375000e+03
1.070520019531250000e+03
1.054385864257812500e+03
1.081339477539062500e+03
1.029927001953125000e+03
1.010327941894531250e+03
1.032001708984375000e+03
1.012528869628906250e+03
9.981983642578125000e+02
9.173924560546875000e+02
9.104509887695312500e+02
8.994511718750000000e+02
8.764198608398437500e+02
8.499135742187500000e+02
8.454807128906250000e+02
1.024595214843750000e+03
1.350232055664062500e+03
1.533747802734375000e+03
1.443089843750000000e+03
1.302791992187500000e+03
1.515571411132812500e+03
1.278978515625000000e+03
1.377449462890625000e+03
1.349414306640625000e+03
1.398543701171875000e+03
1.245403564453125000e+03
1.225265625000000000e+03
1.195216430664062500e+03
1.179352539062500000e+03
1.120036254882812500e+03
1.093891845703125000e+03
1.069432128906250000e+03
1.052636230468750000e+03
1.031661376953125000e+03
9.923381347656250000e+02
9.653936767578125000e+02
9.344653320312500000e+02
9.029446411132812500e+02
8.790185546875000000e+02
9.299935302734375000e+02
1.140531005859375000e+03
1.467692993164062500e+03
1.676938476562500000e+03
1.568504028320312500e+03
1.377143920898437500e+03
1.695072021484375000e+03
1.381302246093750000e+03
1.520867431640625000e+03
1.502416381835937500e+03
1.468776855468750000e+03
1.536730590820312500e+03
1.333862915039062500e+03
1.339404907226562500e+03
1.303773437500000000e+03
1.338953247070312500e+03
1.234169677734375000e+03
1.197901977539062500e+03
1.224351806640625000e+03
1.135896362304687500e+03
1.113145507812500000e+03
1.100614013671875000e+03
1.066906738281250000e+03
1.029943603515625000e+03
9.957490844726562500e+02
9.674626464843750000e+02
9.595709228515625000e+02
1.027230712890625000e+03
1.001827880859375000e+03
9.655518798828125000e+02
1.003982421875000000e+03
9.928118286132812500e+02
1.027208496093750000e+03
9.046312255859375000e+02
9.418321533203125000e+02
9.121665649414062500e+02
8.810405883789062500e+02
8.736132812500000000e+02
8.744406738281250000e+02
9.794881591796875000e+02
1.003069946289062500e+03
9.040156250000000000e+02
9.593063354492187500e+02
9.042320556640625000e+02
9.602309570312500000e+02
9.147813110351562500e+02
9.363862915039062500e+02
9.488134155273437500e+02
9.267133789062500000e+02
8.528106689453125000e+02
8.568256835937500000e+02
8.479284667968750000e+02
9.650043945312500000e+02
1.152821533203125000e+03
1.054474609375000000e+03
1.332564453125000000e+03
1.111575683593750000e+03
1.147236206054687500e+03
1.223951416015625000e+03
1.075091308593750000e+03
1.075859130859375000e+03
1.065611206054687500e+03
1.035968505859375000e+03
9.973615722656250000e+02
9.756083984375000000e+02
9.691799926757812500e+02
9.910046386718750000e+02
1.064272460937500000e+03
9.580155029296875000e+02
9.850478515625000000e+02
1.130240600585937500e+03
1.046547607421875000e+03
1.219867919921875000e+03
1.095048583984375000e+03
1.101874511718750000e+03
1.182951171875000000e+03
1.011801513671875000e+03
1.033730224609375000e+03
1.003042785644531250e+03
9.443655395507812500e+02
9.338039550781250000e+02
9.100417480468750000e+02
8.645665283203125000e+02
8.754504394531250000e+02
9.983700561523437500e+02
9.978093261718750000e+02
9.498486328125000000e+02
9.172666015625000000e+02
8.428253784179687500e+02
8.314544067382812500e+02
7.938391113281250000e+02
7.906567382812500000e+02
7.923372802734375000e+02
8.859255371093750000e+02
